[gd_scene load_steps=8 format=2]

[ext_resource path="res://bin/materials/scenes/Pistol Idle.tscn" type="PackedScene" id=1]
[ext_resource path="res://bin/materials/scenes/Menu.tscn" type="PackedScene" id=2]
[ext_resource path="res://bin/scripts/Main Menu.gd" type="Script" id=3]
[ext_resource path="res://bin/materials/3d obj/untitled.fbx" type="PackedScene" id=4]

[sub_resource type="ProceduralSky" id=1]

[sub_resource type="Environment" id=2]
background_mode = 2
background_sky = SubResource( 1 )

[sub_resource type="ShaderMaterial" id=3]
resource_local_to_scene = true

[node name="Spatial" type="Spatial"]
script = ExtResource( 3 )

[node name="Pistol_Idle" parent="." instance=ExtResource( 1 )]

[node name="Camera" type="Camera" parent="."]
transform = Transform( 0.923853, 0, -0.382748, 0, 1, 0, 0.382748, 0, 0.923853, -0.746422, 1.45652, 2.07031 )
environment = SubResource( 2 )
far = 8192.0

[node name="CSGBox" type="CSGBox" parent="."]
transform = Transform( 0.925296, 0, -0.379246, 0, 1, 0, 0.379246, 0, 0.925296, 0.979885, 1.42756, -2.69012 )
visible = false
width = 8.78797
height = 4.71114
material = SubResource( 3 )

[node name="Menu" parent="." instance=ExtResource( 2 )]

[node name="untitled" parent="." instance=ExtResource( 4 )]
transform = Transform( -0.14938, 0, 0.98878, 0, 1, 0, -0.98878, 0, -0.14938, 0.774701, -0.0152528, -3.85151 )
